0.0825 0.0826 0.0775 0.0914 0.0897 0.0967 0.0874 0.0797 0.0861 0.0860
|
0.8678 0.8400 0.7605 0.5604 0.4876 0.3463 0.1842 0.1677 0.1379 0.1149
0.8805 0.8963 0.8626 0.7123 0.6344 0.4805 0.2584 0.2270 0.1802 0.1415
0.8611 0.8997 0.9028 0.8261 0.7743 0.6218 0.3644 0.3183 0.2365 0.1804
0.7879 0.8612 0.8986 0.9000 0.8819 0.8110 0.5714 0.4889 0.3456 0.2364
0.7249 0.8239 0.8778 0.9098 0.9074 0.8665 0.6771 0.5938 0.4240 0.2911
0.6245 0.7378 0.8265 0.8974 0.9083 0.9077 0.7993 0.7238 0.5512 0.3929
0.4534 0.5691 0.6831 0.8229 0.8522 0.8944 0.8986 0.8773 0.7953 0.6420
0.3764 0.4777 0.5949 0.7631 0.7998 0.8685 0.9100 0.9082 0.8651 0.7519
0.3005 0.3768 0.4756 0.6545 0.6947 0.7877 0.8973 0.9100 0.9104 0.8639
0.2374 0.2866 0.3595 0.5158 0.5550 0.6659 0.8456 0.8774 0.9132 0.9153

Final Accuracy: 0.6172
Backward: -0.2843
Forward:  0.6906
